15
0 773 139 718 590 830 675 138 623 718 779 473 203 249 625
773 0 660 74 224 615 915 758 1000 629 191 707 804 882 903
139 660 0 600 498 812 736 228 709 713 647 508 304 367 690
718 74 600 0 211 648 914 713 989 648 147 694 763 843 898
590 224 498 211 0 474 702 552 779 450 350 484 590 667 686
830 615 812 648 474 0 454 719 597 129 795 411 705 750 476
675 915 736 914 702 454 0 537 153 343 1050 245 479 475 52
138 758 228 713 552 719 537 0 489 601 797 341 75 145 487
623 1000 709 989 779 597 153 489 0 479 1116 294 419 391 121
718 629 713 648 450 129 343 601 479 0 794 283 581 623 358
779 191 647 147 350 795 1050 797 1116 794 0 823 855 935 1031
473 707 508 694 484 411 245 341 294 283 823 0 307 341 213
203 804 304 763 590 705 479 75 419 581 855 307 0 79 428
249 882 367 843 667 750 475 145 391 623 935 341 79 0 423
625 903 690 898 686 476 52 487 121 358 1031 213 428 423 0
