15
0 246 796 1011 1117 257 203 871 501 872 71 282 195 606 214
246 0 654 783 896 252 111 628 389 672 209 227 292 512 64
796 654 0 486 504 549 764 768 296 252 810 515 646 219 718
1011 783 486 0 132 835 881 453 633 233 990 784 939 642 840
1117 896 504 132 0 924 998 579 703 274 1101 875 1029 690 955
257 252 549 835 924 0 318 810 253 661 291 52 104 350 286
203 111 764 881 998 318 0 682 493 780 142 308 323 615 46
871 628 768 453 579 810 682 0 732 567 822 760 891 811 659
501 389 296 633 703 253 493 732 0 430 520 219 352 123 449
872 672 252 233 274 661 780 567 430 0 865 614 766 418 735
71 209 810 990 1101 291 142 822 520 865 0 305 250 632 163
282 227 515 784 875 52 308 760 219 614 305 0 154 327 271
195 292 646 939 1029 104 323 891 352 766 250 154 0 439 305
606 512 219 642 690 350 615 811 123 418 632 327 439 0 571
214 64 718 840 955 286 46 659 449 735 163 271 305 571 0
