15
0 135 371 425 420 407 709 689 396 606 531 330 147 408 564
135 0 255 324 285 542 573 663 398 503 476 262 193 380 439
371 255 0 89 199 754 401 829 612 535 306 151 446 292 397
425 324 89 0 279 785 432 918 697 618 224 130 517 240 472
420 285 199 279 0 828 290 673 511 339 503 340 427 487 199
407 542 754 785 828 0 1115 915 629 975 803 661 451 657 963
709 573 401 432 290 1115 0 841 758 423 627 548 715 673 264
689 663 829 918 673 915 841 0 300 422 1120 910 546 1041 578
396 398 612 697 511 629 758 300 0 428 873 658 250 776 509
606 503 535 618 339 975 423 422 428 0 842 664 524 812 172
531 476 306 224 503 803 627 1120 873 842 0 214 658 145 696
330 262 151 130 340 661 548 910 658 664 214 0 446 147 539
147 193 446 517 427 451 715 546 250 524 658 446 0 544 523
408 380 292 240 487 657 673 1041 776 812 145 147 544 0 686
564 439 397 472 199 963 264 578 509 172 696 539 523 686 0
