20
0 885 387 421 592 844 983 665 686 80 696 760 740 405 553 880 923 965 742 885
885 0 705 464 416 200 107 281 323 805 256 365 379 716 537 149 67 243 299 113
387 705 0 354 612 586 777 603 410 333 626 756 425 23 650 639 762 692 460 658
421 464 354 0 258 448 563 268 324 342 296 406 407 374 310 473 502 571 374 472
592 416 612 258 0 510 522 134 470 525 159 167 564 633 121 503 418 616 500 484
844 200 586 448 510 0 213 384 175 764 372 518 194 591 628 61 266 123 128 94
983 107 777 563 522 213 0 389 374 902 363 460 408 785 643 152 120 196 337 123
665 281 603 268 134 384 389 0 373 591 31 165 465 621 256 372 289 485 393 351
686 323 410 324 470 175 374 373 0 607 376 534 94 416 574 230 388 286 55 252
80 805 333 342 525 764 902 591 607 0 622 692 664 353 496 800 844 885 663 804
696 256 626 296 159 372 363 31 376 622 0 158 466 644 280 356 260 468 392 332
760 365 756 406 167 518 460 165 534 692 158 0 624 775 241 491 341 600 549 463
740 379 425 407 564 194 408 465 94 664 466 624 0 425 668 256 446 275 81 287
405 716 23 374 633 591 785 621 416 353 644 775 425 0 672 646 774 695 464 665
553 537 650 310 121 628 643 256 574 496 280 241 668 672 0 624 536 737 609 605
880 149 639 473 503 61 152 372 230 800 356 491 256 646 624 0 211 112 187 36
923 67 762 502 418 266 120 289 388 844 260 341 446 774 536 211 0 295 366 175
965 243 692 571 616 123 196 485 286 885 468 600 275 695 737 112 295 0 232 137
742 299 460 374 500 128 337 393 55 663 392 549 81 464 609 187 366 232 0 214
885 113 658 472 484 94 123 351 252 804 332 463 287 665 605 36 175 137 214 0
