20
0 793 963 404 1043 211 515 61 28 684 1139 280 836 473 640 476 697 504 908 591
793 0 518 544 445 622 298 749 780 717 440 725 579 498 154 366 489 565 414 835
963 518 0 564 179 752 526 902 939 448 341 745 189 492 527 518 979 484 104 637
404 544 564 0 664 196 256 342 378 326 782 198 433 72 404 182 722 110 520 336
1043 445 179 664 0 834 554 985 1021 612 162 857 360 591 506 571 932 605 149 795
211 622 752 196 834 0 328 151 187 503 936 160 629 263 468 276 652 303 697 454
515 298 526 256 554 328 0 465 498 508 629 427 480 229 149 74 517 308 442 578
61 749 902 342 985 151 465 0 36 624 1084 224 774 412 595 421 689 442 848 538
28 780 939 378 1021 187 498 36 0 656 1119 252 810 448 626 456 702 476 885 563
684 717 448 326 612 503 508 624 656 0 767 409 259 297 621 443 1020 220 469 191
1139 440 341 782 162 936 629 1084 1119 767 0 980 520 712 544 662 924 738 298 946
280 725 745 198 857 160 427 224 252 409 980 0 592 267 576 358 810 260 711 314
836 579 189 433 360 629 480 774 810 259 520 592 0 367 535 446 983 335 230 449
473 498 492 72 591 263 229 412 448 297 712 267 367 0 368 157 727 81 447 349
640 154 527 404 506 468 149 595 626 621 544 576 535 368 0 222 454 442 429 715
476 366 518 182 571 276 74 421 456 443 662 358 446 157 222 0 576 237 445 505
697 489 979 722 932 652 517 689 702 1020 924 810 983 727 454 576 0 808 878 1058
504 565 484 110 605 303 308 442 476 220 738 260 335 81 442 237 808 0 456 272
908 414 104 520 149 697 442 848 885 469 298 711 230 447 429 445 878 456 0 649
591 835 637 336 795 454 578 538 563 191 946 314 449 349 715 505 1058 272 649 0
