20
0 597 94 492 507 969 436 291 1073 637 529 291 696 456 454 618 483 436 716 656
597 0 595 119 585 760 460 382 845 725 802 595 700 488 144 82 120 707 564 629
94 595 0 503 420 891 362 245 995 545 435 197 607 379 451 628 476 341 640 571
492 119 503 0 570 820 439 318 912 720 764 534 711 470 81 126 87 664 601 642
507 585 420 570 0 484 131 300 585 154 244 230 189 99 489 659 490 189 252 152
969 760 891 820 484 0 533 702 103 432 650 713 334 513 754 841 735 650 254 335
436 460 362 439 131 533 0 183 637 283 346 214 297 32 358 531 360 262 279 239
291 382 245 318 300 702 183 0 805 454 452 216 479 213 246 434 263 349 448 422
1073 845 995 912 585 103 637 805 0 523 740 815 427 617 849 925 829 747 358 435
637 725 545 720 154 432 283 454 523 0 217 347 98 251 638 801 637 233 269 134
529 802 435 764 244 650 346 452 740 217 0 260 316 324 685 869 695 104 467 335
291 595 197 534 230 713 214 216 815 347 260 0 413 217 461 650 477 156 470 383
696 700 607 711 189 334 297 479 427 98 316 413 0 266 631 780 625 322 186 70
456 488 379 470 99 513 32 213 617 251 324 217 266 0 389 560 391 245 261 210
454 144 451 81 489 754 358 246 849 638 685 461 631 389 0 188 31 586 527 562
618 82 628 126 659 841 531 434 925 801 869 650 780 560 188 0 174 771 647 709
483 120 476 87 490 735 360 263 829 637 695 477 625 391 31 174 0 597 514 556
436 707 341 664 189 650 262 349 747 233 104 156 322 245 586 771 597 0 437 318
716 564 640 601 252 254 279 448 358 269 467 470 186 261 527 647 514 437 0 135
656 629 571 642 152 335 239 422 435 134 335 383 70 210 562 709 556 318 135 0
