30
0 832 605 811 751 800 630 383 389 768 221 476 143 686 216 359 704 475 750 548 436 611 365 674 438 700 276 403 446 1036
832 0 1179 686 291 430 206 532 505 731 878 1114 822 758 672 529 422 1093 464 355 580 872 512 575 522 356 676 674 1016 712
605 1179 0 729 955 904 986 656 920 651 395 136 747 553 577 894 834 130 839 824 1008 383 889 698 989 877 533 505 176 965
811 686 729 0 394 264 587 469 797 79 673 744 910 176 601 794 269 715 221 444 924 346 775 157 869 335 535 409 637 246
751 291 955 394 0 145 237 377 550 442 722 914 791 478 547 560 136 889 173 204 665 611 540 293 603 78 520 467 807 449
800 430 904 264 145 0 375 417 661 324 731 883 863 381 586 666 96 857 65 289 782 536 647 207 721 122 542 456 774 309
630 206 986 587 237 375 0 332 339 614 672 914 632 616 465 357 322 894 379 173 441 705 338 448 379 260 472 483 818 684
383 532 656 469 377 417 332 0 352 450 352 582 453 400 171 340 320 562 369 187 475 422 325 315 428 319 148 164 487 669
389 505 920 797 550 661 339 352 0 792 534 811 332 751 345 30 578 801 639 373 126 766 30 640 77 538 403 500 744 959
768 731 651 79 442 324 614 450 792 0 616 670 876 101 565 785 309 640 271 458 919 268 768 166 866 375 495 365 565 318
221 878 395 673 722 731 672 352 534 616 0 277 364 522 210 506 639 269 671 540 614 414 504 562 599 656 204 278 227 914
476 1114 136 744 914 883 914 582 811 670 277 0 616 568 476 784 804 29 818 761 891 405 781 684 877 839 445 448 109 988
143 822 747 910 791 863 632 453 332 876 364 616 0 801 310 303 768 617 820 588 338 742 316 764 358 752 382 514 589 1122
686 758 553 176 478 381 616 400 751 101 522 568 801 0 492 741 342 539 321 449 875 170 725 185 827 404 419 287 463 419
216 672 577 601 547 586 465 171 345 565 210 476 310 492 0 321 489 463 534 350 445 453 314 459 417 490 74 205 401 821
359 529 894 794 560 666 357 340 30 785 506 784 303 741 321 0 582 774 642 377 134 749 20 636 96 545 381 483 719 962
704 422 834 269 136 96 322 320 578 309 639 804 768 342 489 582 0 778 61 205 702 479 562 157 642 66 447 367 695 381
475 1093 130 715 889 857 894 562 801 640 269 29 617 539 463 774 778 0 791 739 884 376 771 656 868 814 428 425 82 959
750 464 839 221 173 65 379 369 639 271 671 818 820 321 534 642 61 791 0 266 763 472 622 142 703 119 487 395 709 320
548 355 824 444 204 289 173 187 373 458 540 761 588 449 350 377 205 739 266 0 497 532 357 293 437 169 335 318 661 586
436 580 1008 924 665 782 441 475 126 919 614 891 338 875 445 134 702 884 763 497 0 882 150 767 62 659 510 617 834 1083
611 872 383 346 611 536 705 422 766 268 414 405 742 170 453 749 479 376 472 532 882 0 737 329 843 533 380 266 304 586
365 512 889 775 540 647 338 325 30 768 504 781 316 725 314 20 562 771 622 357 150 737 0 618 106 525 372 471 714 942
674 575 698 157 293 207 448 315 640 166 562 684 764 185 459 636 157 656 142 293 767 329 618 0 712 219 398 285 574 362
438 522 989 869 603 721 379 428 77 866 599 877 358 827 417 96 642 868 703 437 62 843 106 712 0 598 478 577 814 1024
700 356 877 335 78 122 260 319 538 375 656 839 752 404 490 545 66 814 119 169 659 533 525 219 598 0 457 394 732 429
276 676 533 535 520 542 472 148 403 495 204 445 382 419 74 381 447 428 487 335 510 380 372 398 478 457 0 132 358 761
403 674 505 409 467 456 483 164 500 365 278 448 514 287 205 483 367 425 395 318 617 266 471 285 577 394 132 0 344 643
446 1016 176 637 807 774 818 487 744 565 227 109 589 463 401 719 695 82 709 661 834 304 714 574 814 732 358 344 0 883
1036 712 965 246 449 309 684 669 959 318 914 988 1122 419 821 962 381 959 320 586 1083 586 942 362 1024 429 761 643 883 0
