25
0 744 753 218 584 798 61 578 590 92 277 281 215 731 939 621 645 619 920 292 567 569 458 516 770
744 0 186 539 188 225 759 193 419 706 607 490 540 502 384 253 243 311 451 726 768 181 286 232 665
753 186 0 535 311 411 781 186 282 737 554 474 575 328 567 410 119 469 637 805 898 279 324 308 833
218 539 535 0 397 626 253 363 388 219 155 65 118 537 783 460 427 475 783 370 596 373 255 321 720
584 188 311 397 0 233 590 173 427 534 501 364 371 554 400 113 293 168 426 539 590 45 151 80 531
798 225 411 626 233 0 795 366 621 737 735 596 583 721 172 179 455 203 226 693 652 269 385 314 482
61 759 781 253 590 795 0 602 635 58 333 318 219 780 929 615 678 608 903 238 515 580 475 527 731
578 193 186 363 173 366 602 0 258 554 415 308 391 381 539 287 124 341 582 619 727 128 138 135 701
590 419 282 388 427 621 635 258 0 607 333 324 478 155 792 540 177 590 840 740 914 381 325 368 939
92 706 737 219 534 737 58 554 607 0 324 284 166 755 870 557 637 549 844 203 476 526 425 473 680
277 607 554 155 501 735 333 415 333 324 0 145 272 462 900 584 436 608 912 507 748 468 350 421 874
281 490 474 65 364 596 318 308 324 284 145 0 164 475 759 440 364 463 767 424 636 334 214 284 736
215 540 575 118 371 583 219 391 478 166 272 164 0 633 727 406 481 408 713 262 477 360 259 307 612
731 502 328 537 554 721 780 381 155 755 462 475 633 0 886 668 267 721 946 894 1067 509 471 506 1079
939 384 567 783 400 172 929 539 792 870 900 759 727 886 0 323 623 320 102 794 694 439 551 481 461
621 253 410 460 113 179 615 287 540 557 584 440 406 668 323 0 405 59 328 519 517 159 244 179 423
645 243 119 427 293 455 678 124 177 637 436 364 481 267 623 405 0 461 679 725 849 250 249 259 824
619 311 469 475 168 203 608 341 590 549 608 463 408 721 320 59 461 0 307 490 465 212 282 223 365
920 451 637 783 426 226 903 582 840 844 912 767 713 946 102 328 679 307 0 747 617 469 571 502 367
292 726 805 370 539 693 238 619 740 203 507 424 262 894 794 519 725 490 747 0 277 548 481 504 514
567 768 898 596 590 652 515 727 914 476 748 636 477 1067 694 517 849 465 617 277 0 618 603 593 290
569 181 279 373 45 269 580 128 381 526 468 334 360 509 439 159 250 212 469 548 618 0 119 53 573
458 286 324 255 151 385 475 138 325 425 350 214 259 471 551 244 249 282 571 481 603 119 0 71 615
516 232 308 321 80 314 527 135 368 473 421 284 307 506 481 179 259 223 502 504 593 53 71 0 573
770 665 833 720 531 482 731 701 939 680 874 736 612 1079 461 423 824 365 367 514 290 573 615 573 0
