25
0 339 548 261 99 681 545 367 626 401 362 676 315 503 406 566 346 663 193 758 562 280 801 718 422
339 0 449 374 408 541 222 624 709 659 144 348 641 385 716 330 253 595 172 794 633 543 857 687 204
548 449 0 318 528 989 596 916 1118 950 593 670 832 63 936 765 220 1042 534 1224 1045 828 1281 1130 652
261 374 318 0 215 866 591 620 881 652 480 709 516 291 621 691 188 878 342 1007 814 534 1054 947 549
99 408 528 215 0 781 623 409 707 439 452 753 304 492 407 660 351 761 283 844 647 327 884 812 515
681 541 989 866 781 0 444 668 426 689 401 477 825 926 831 243 791 138 525 400 379 645 470 236 337
545 222 596 591 623 444 0 766 742 800 205 130 826 534 886 200 444 543 355 787 669 697 856 647 189
367 624 916 620 409 668 766 0 384 36 561 888 203 869 166 686 710 578 453 535 356 87 550 577 586
626 709 1118 881 707 426 742 384 0 384 582 828 586 1060 540 577 898 292 585 151 75 419 177 234 560
401 659 950 652 439 689 800 36 384 0 595 921 213 904 156 715 744 594 489 534 363 123 545 586 618
362 144 593 480 452 401 205 561 582 595 0 332 624 529 681 214 390 451 169 657 507 491 721 543 69
676 348 670 709 753 477 130 888 828 921 332 0 955 613 1013 253 548 596 486 854 759 822 924 702 302
315 641 832 516 304 825 826 203 586 213 624 955 0 796 108 792 651 754 475 737 552 182 754 766 667
503 385 63 291 492 926 534 869 1060 904 529 613 796 0 898 702 163 979 475 1163 986 782 1221 1068 588
406 716 936 621 407 831 886 166 540 156 681 1013 108 898 0 829 749 744 546 690 520 195 698 742 716
566 330 765 691 660 243 200 686 577 715 214 253 792 702 829 0 583 347 378 601 509 634 671 453 146
346 253 220 188 351 791 444 710 898 744 390 548 651 163 749 583 0 832 314 1005 825 622 1061 917 455
663 595 1042 878 761 138 543 578 292 594 451 596 754 979 744 347 832 0 538 263 255 571 333 105 399
193 172 534 342 283 525 355 453 585 489 169 486 475 475 546 378 314 538 0 691 511 371 747 613 232
758 794 1224 1007 844 400 787 535 151 534 657 854 737 1163 690 601 1005 263 691 0 197 568 70 165 621
562 633 1045 814 647 379 669 356 75 363 507 759 552 986 520 509 825 255 511 197 0 377 240 224 486
280 543 828 534 327 645 697 87 419 123 491 822 182 782 195 634 622 571 371 568 377 0 593 586 522
801 857 1281 1054 884 470 856 550 177 545 721 924 754 1221 698 671 1061 333 747 70 240 593 0 234 687
718 687 1130 947 812 236 647 577 234 586 543 702 766 1068 742 453 917 105 613 165 224 586 234 0 496
422 204 652 549 515 337 189 586 560 618 69 302 667 588 716 146 455 399 232 621 486 522 687 496 0
