25
0 596 446 286 428 500 331 489 426 214 417 595 457 171 450 448 191 361 458 487 687 348 518 203 268
596 0 461 601 616 95 884 353 405 557 979 189 857 506 199 202 581 707 458 110 494 891 743 416 562
446 461 0 660 167 396 570 641 632 582 850 319 887 274 268 265 287 764 13 411 848 791 285 281 624
286 601 660 0 690 523 579 331 249 79 429 684 258 415 544 543 465 111 670 497 471 334 794 378 40
428 616 167 690 0 542 450 745 720 611 790 485 886 274 418 415 238 782 175 553 958 747 130 333 660
500 95 396 523 542 0 789 316 352 473 888 189 780 413 128 130 489 632 396 29 490 801 672 321 482
331 884 570 579 450 789 0 820 756 525 419 830 644 378 705 702 310 613 583 782 1016 422 454 468 575
489 353 641 331 745 316 820 0 81 330 759 506 555 512 410 411 590 412 646 288 214 664 872 423 303
426 405 632 249 720 352 756 81 0 252 677 539 477 471 426 427 546 332 639 323 261 582 844 389 222
214 557 582 79 611 473 525 330 252 0 436 624 319 336 480 479 388 182 593 450 500 343 716 301 53
417 979 850 429 790 888 419 759 677 436 0 1007 312 580 860 859 566 379 864 869 892 95 838 619 456
595 189 319 684 485 189 830 506 539 624 1007 0 941 461 146 148 520 796 312 218 673 927 603 392 643
457 857 887 258 886 780 644 555 477 319 312 941 0 620 799 798 648 149 898 755 633 244 971 610 298
171 506 274 415 274 413 378 512 471 336 580 461 620 0 328 325 81 509 287 408 724 517 384 97 385
450 199 268 544 418 128 705 410 426 480 860 146 799 328 0 3 396 655 268 145 602 780 546 250 503
448 202 265 543 415 130 702 411 427 479 859 148 798 325 3 0 393 655 265 147 604 779 543 248 502
191 581 287 465 238 489 310 590 546 388 566 520 648 81 396 393 0 550 301 486 802 514 329 178 440
361 707 764 111 782 632 613 412 332 182 379 796 149 509 655 655 550 0 774 606 516 288 879 483 152
458 458 13 670 175 396 583 646 639 593 864 312 898 287 268 265 301 774 0 412 852 804 290 291 634
487 110 411 497 553 29 782 288 323 450 869 218 755 408 145 147 486 606 412 0 464 781 682 314 457
687 494 848 471 958 490 1016 214 261 500 892 673 633 724 602 604 802 516 852 464 0 798 1085 637 457
348 891 791 334 747 801 422 664 582 343 95 927 244 517 780 779 514 288 804 781 798 0 808 545 361
518 743 285 794 130 672 454 872 844 716 838 603 971 384 546 543 329 879 290 682 1085 808 0 454 767
203 416 281 378 333 321 468 423 389 301 619 392 610 97 250 248 178 483 291 314 637 545 454 0 343
268 562 624 40 660 482 575 303 222 53 456 643 298 385 503 502 440 152 634 457 457 361 767 343 0
